1
(684.0, 445)
(521.5, 506)
(852.5, 458)
(1068.5, 594)
(288.5, 374)
(52.5, 396)
(372.0, 397)
(460.0, 354)
(724.0, 356)
(500.0, 785)
(945.0, 669)
(96.0, 650)
(438.0, 785)
(791.5, 393)
(412.0, 313)
(506.5, 304)

2
(684.0, 445)
(521.5, 506)
(851.5, 458)
(1068.5, 594)
(288.5, 374)
(52.5, 396)
(372.0, 397)
(460.0, 354)
(723.5, 356)
(499.5, 785)
(944.5, 669)
(96.0, 650)
(438.0, 785)
(791.5, 393)
(507.0, 304)
(412.0, 313)

3
(679.0, 436)
(848.5, 453)
(43.5, 396)
(721.5, 357)
(517.0, 512)
(948.5, 666)
(368.5, 394)
(498.5, 783)
(788.0, 388)
(90.5, 656)
(457.0, 353)
(287.5, 375)
(433.5, 785)
(1067.0, 592)
(410.0, 313)
(503.5, 286)

4
(848.5, 453)
(680.0, 436)
(721.5, 358)
(43.5, 396)
(517.0, 512)
(949.5, 666)
(368.5, 394)
(787.5, 388)
(499.0, 783)
(458.0, 353)
(90.5, 656)
(287.5, 375)
(433.5, 785)
(1067.0, 592)
(410.0, 313)
(503.5, 286)

5
(515.0, 509)
(950.0, 663)
(280.0, 372)
(719.5, 355)
(36.5, 394)
(85.5, 663)
(1062.0, 592)
(842.0, 451)
(787.0, 383)
(366.0, 391)
(455.0, 352)
(678.0, 435)
(497.0, 783)
(405.5, 317)
(428.5, 785)
(503.5, 286)
(1335.0, 792)

6
(514.0, 509)
(950.0, 663)
(280.0, 372)
(719.5, 355)
(36.5, 394)
(84.5, 663)
(1062.0, 592)
(842.0, 451)
(787.0, 383)
(366.0, 391)
(454.5, 347)
(678.0, 435)
(497.0, 783)
(405.5, 317)
(429.5, 785)
(503.5, 286)
(1335.0, 792)

7
(511.5, 505)
(1058.5, 591)
(278.0, 375)
(947.5, 668)
(33.0, 384)
(716.5, 355)
(836.0, 445)
(452.0, 347)
(81.0, 668)
(487.5, 785)
(357.5, 389)
(427.0, 784)
(671.5, 433)
(785.0, 382)
(1333.5, 779)
(405.0, 316)
(502.5, 286)

8
(511.5, 505)
(1058.5, 591)
(278.0, 375)
(947.5, 668)
(32.0, 384)
(716.5, 355)
(836.0, 445)
(452.0, 347)
(81.0, 668)
(487.5, 785)
(358.0, 389)
(427.0, 784)
(671.5, 433)
(785.0, 382)
(1333.5, 780)
(405.0, 316)
(502.5, 297)

9
(948.0, 674)
(1054.0, 585)
(714.5, 355)
(509.0, 503)
(272.0, 376)
(29.0, 383)
(424.0, 783)
(354.5, 386)
(827.5, 448)
(450.0, 347)
(484.5, 785)
(669.5, 427)
(72.5, 661)
(501.5, 298)
(782.0, 382)
(403.0, 313)
(1332.0, 777)

10
(948.0, 674)
(1053.5, 585)
(714.5, 355)
(509.0, 502)
(272.0, 376)
(29.0, 383)
(424.0, 783)
(354.5, 386)
(827.5, 448)
(484.0, 785)
(450.0, 347)
(669.5, 427)
(72.5, 661)
(501.5, 298)
(782.0, 382)
(403.0, 313)
(1332.0, 777)

11
(268.5, 374)
(713.0, 352)
(1048.5, 579)
(823.0, 445)
(667.5, 428)
(22.0, 381)
(947.0, 672)
(421.0, 784)
(449.0, 345)
(501.0, 297)
(504.5, 498)
(481.5, 785)
(348.5, 384)
(70.5, 651)
(1329.5, 781)
(401.0, 312)
(782.0, 370)

12
(268.5, 374)
(713.0, 352)
(1049.5, 579)
(823.0, 445)
(667.5, 428)
(22.0, 381)
(947.0, 672)
(421.0, 784)
(449.0, 345)
(504.5, 498)
(500.5, 297)
(481.5, 785)
(348.5, 384)
(70.5, 650)
(1329.5, 781)
(401.0, 312)
(782.0, 370)

13
(816.5, 441)
(661.5, 428)
(503.0, 495)
(478.5, 785)
(712.0, 351)
(264.5, 372)
(17.5, 377)
(1045.0, 576)
(64.5, 646)
(445.5, 342)
(1323.5, 789)
(412.0, 786)
(948.0, 664)
(500.0, 294)
(345.0, 385)
(777.0, 376)
(400.0, 312)

14
(816.5, 441)
(661.5, 428)
(503.0, 495)
(478.5, 785)
(712.0, 351)
(264.5, 371)
(17.5, 377)
(64.5, 645)
(445.5, 342)
(1045.0, 576)
(1323.5, 789)
(412.0, 786)
(948.0, 664)
(499.5, 295)
(345.0, 383)
(777.0, 376)
(400.0, 312)

15
(499.0, 494)
(659.5, 428)
(1041.5, 572)
(410.5, 785)
(478.0, 783)
(946.0, 648)
(810.5, 438)
(709.5, 347)
(62.5, 644)
(444.5, 341)
(12.0, 378)
(1321.5, 791)
(774.5, 375)
(343.0, 378)
(263.0, 367)
(498.5, 299)

16
(659.5, 428)
(499.0, 494)
(410.5, 785)
(1042.0, 571)
(478.0, 783)
(946.0, 648)
(810.5, 438)
(709.5, 347)
(62.5, 644)
(445.0, 342)
(12.0, 378)
(1321.5, 791)
(774.5, 375)
(343.0, 378)
(262.0, 367)
(498.5, 299)

17
(498.0, 490)
(409.5, 786)
(1035.5, 570)
(656.5, 425)
(707.0, 346)
(475.5, 782)
(807.5, 437)
(942.0, 651)
(773.5, 372)
(444.0, 342)
(341.0, 379)
(58.5, 642)
(498.5, 306)
(262.5, 364)
(9.5, 383)
(1314.0, 777)
(399.0, 312)

18
(409.5, 786)
(498.0, 490)
(1035.5, 570)
(656.5, 425)
(707.0, 346)
(475.5, 782)
(807.5, 437)
(942.0, 651)
(773.5, 372)
(444.0, 342)
(341.0, 379)
(58.5, 642)
(261.5, 364)
(498.5, 306)
(9.5, 383)
(1314.0, 777)
(399.0, 312)

19
(1030.0, 568)
(495.5, 487)
(408.0, 786)
(472.0, 782)
(798.5, 436)
(706.0, 346)
(772.0, 367)
(941.0, 648)
(253.5, 362)
(652.5, 421)
(443.5, 337)
(340.0, 375)
(7.0, 387)
(497.0, 298)
(1313.5, 773)
(55.5, 641)
(394.5, 314)

20
(1030.0, 568)
(495.5, 487)
(408.0, 786)
(472.0, 782)
(798.5, 436)
(706.0, 346)
(772.0, 367)
(941.0, 648)
(253.5, 362)
(652.5, 421)
(443.5, 337)
(338.5, 375)
(1313.5, 773)
(7.0, 387)
(497.0, 298)
(55.5, 641)
(394.5, 314)

21
(1025.5, 566)
(403.5, 786)
(494.5, 489)
(469.5, 784)
(251.5, 359)
(333.0, 378)
(792.5, 434)
(432.0, 336)
(939.0, 641)
(644.5, 422)
(704.5, 340)
(770.5, 365)
(1310.0, 773)
(48.0, 642)
(497.0, 296)
(392.5, 316)

22
(1025.5, 566)
(404.5, 786)
(494.5, 489)
(469.5, 784)
(251.5, 359)
(333.0, 379)
(792.5, 434)
(432.0, 336)
(939.0, 641)
(644.5, 422)
(704.5, 340)
(770.5, 365)
(1310.0, 773)
(48.0, 642)
(496.5, 296)
(392.5, 316)

23
(489.0, 488)
(1023.0, 565)
(400.0, 786)
(327.5, 376)
(246.5, 359)
(463.5, 787)
(787.5, 433)
(697.0, 340)
(642.0, 419)
(428.5, 335)
(938.5, 642)
(1307.0, 772)
(495.5, 303)
(768.0, 364)
(46.5, 643)

24
(489.0, 488)
(1023.0, 565)
(400.0, 786)
(327.5, 376)
(463.5, 787)
(246.5, 359)
(787.5, 433)
(697.0, 341)
(642.0, 419)
(428.5, 335)
(1306.5, 772)
(939.0, 642)
(495.5, 303)
(768.0, 364)
(46.5, 643)

25
(1016.5, 566)
(242.5, 358)
(461.5, 789)
(323.5, 375)
(487.0, 488)
(396.5, 786)
(697.0, 336)
(639.0, 411)
(426.5, 335)
(783.5, 434)
(933.5, 632)
(1296.5, 773)
(764.0, 357)
(41.5, 642)
(495.0, 301)
(385.5, 315)

26
(1016.5, 566)
(242.5, 359)
(461.5, 789)
(323.5, 375)
(486.5, 487)
(396.5, 786)
(697.0, 336)
(640.0, 411)
(784.0, 433)
(426.5, 335)
(934.0, 632)
(1305.0, 771)
(764.0, 357)
(41.5, 642)
(495.0, 301)
(385.5, 315)

27
(239.0, 359)
(393.0, 789)
(460.0, 789)
(635.5, 411)
(319.0, 372)
(1009.5, 562)
(695.0, 337)
(485.0, 472)
(424.5, 332)
(933.0, 636)
(1293.0, 770)
(760.5, 358)
(782.0, 426)
(34.5, 650)
(383.5, 317)
(490.5, 302)

28
(239.0, 359)
(393.0, 789)
(460.0, 789)
(635.5, 411)
(319.0, 372)
(1009.5, 562)
(695.0, 336)
(485.0, 472)
(424.5, 332)
(933.0, 636)
(1293.0, 770)
(760.5, 358)
(781.5, 426)
(35.0, 650)
(383.5, 317)
(490.5, 302)

29
(385.5, 791)
(480.0, 476)
(456.5, 788)
(237.0, 359)
(630.5, 410)
(422.0, 328)
(1007.5, 557)
(932.0, 638)
(690.5, 331)
(315.0, 371)
(1291.0, 765)
(760.0, 357)
(776.0, 426)
(488.5, 303)
(380.5, 316)
(31.0, 640)

30
(385.5, 791)
(480.0, 476)
(456.5, 788)
(237.0, 359)
(630.5, 410)
(422.0, 328)
(1007.5, 557)
(932.0, 637)
(692.0, 336)
(315.0, 371)
(1291.0, 765)
(760.5, 357)
(776.0, 426)
(380.5, 316)
(488.5, 303)
(31.0, 640)

31
(381.5, 794)
(475.5, 477)
(227.5, 359)
(1284.5, 768)
(931.0, 634)
(627.0, 408)
(419.5, 327)
(1001.5, 556)
(688.5, 333)
(451.5, 786)
(769.5, 424)
(760.5, 355)
(487.0, 303)
(27.5, 626)
(308.0, 370)
(378.5, 318)

32
(381.5, 792)
(475.5, 477)
(227.5, 359)
(1284.5, 767)
(931.0, 634)
(626.5, 408)
(419.5, 327)
(1001.5, 556)
(688.5, 333)
(451.5, 786)
(769.5, 424)
(760.5, 355)
(27.5, 626)
(486.5, 303)
(308.0, 370)
(379.0, 318)

33
(470.5, 477)
(376.5, 790)
(220.5, 360)
(450.5, 790)
(997.0, 555)
(686.5, 330)
(1277.5, 765)
(306.0, 372)
(619.5, 407)
(411.5, 326)
(761.5, 353)
(930.0, 631)
(377.5, 321)
(766.0, 421)
(23.0, 627)
(483.5, 296)

34
(470.5, 477)
(376.5, 789)
(220.5, 360)
(450.5, 789)
(686.5, 330)
(997.0, 554)
(1277.5, 765)
(305.0, 372)
(619.5, 407)
(411.5, 326)
(761.5, 353)
(930.0, 631)
(377.5, 321)
(765.0, 421)
(23.0, 627)
(483.5, 296)

35
(470.0, 474)
(410.0, 326)
(446.5, 787)
(373.0, 786)
(216.0, 359)
(616.5, 407)
(684.5, 330)
(990.0, 553)
(1270.0, 761)
(302.0, 370)
(920.0, 638)
(760.5, 418)
(20.5, 627)
(759.0, 355)
(378.0, 324)
(485.0, 287)

36
(470.0, 474)
(216.0, 360)
(410.0, 326)
(372.5, 786)
(616.5, 407)
(446.5, 787)
(684.5, 330)
(990.0, 553)
(1271.0, 761)
(302.0, 370)
(920.0, 638)
(760.5, 418)
(20.5, 627)
(377.0, 324)
(759.0, 355)
(485.0, 287)

37
(464.0, 475)
(1266.5, 760)
(983.5, 550)
(612.0, 407)
(682.0, 327)
(407.5, 324)
(442.5, 789)
(211.5, 358)
(297.0, 371)
(368.0, 781)
(919.5, 630)
(371.5, 324)
(756.5, 419)
(18.5, 621)
(756.5, 359)
(486.5, 306)

38
(464.0, 475)
(1266.5, 760)
(983.5, 550)
(612.0, 407)
(682.0, 327)
(408.5, 325)
(444.0, 789)
(211.5, 358)
(368.0, 781)
(297.0, 371)
(920.0, 631)
(371.5, 324)
(757.5, 419)
(18.5, 621)
(756.5, 359)
(487.0, 306)

39
(980.0, 547)
(458.5, 472)
(1257.0, 756)
(606.0, 407)
(292.0, 371)
(438.0, 788)
(406.0, 323)
(361.0, 779)
(679.5, 324)
(922.5, 622)
(203.5, 353)
(756.0, 419)
(367.0, 323)
(482.0, 290)
(15.5, 621)
(758.0, 343)

40
(980.0, 547)
(458.5, 472)
(1257.0, 756)
(606.0, 407)
(292.0, 371)
(438.0, 788)
(406.0, 323)
(361.0, 779)
(679.5, 324)
(922.5, 622)
(203.5, 353)
(756.0, 418)
(366.5, 323)
(481.5, 290)
(15.0, 621)
(758.0, 343)

41
(452.5, 471)
(358.0, 780)
(976.5, 546)
(201.0, 352)
(431.0, 785)
(1254.0, 756)
(920.5, 620)
(402.0, 324)
(601.0, 406)
(747.0, 419)
(288.5, 369)
(359.5, 328)
(671.0, 317)
(481.0, 303)
(750.5, 348)

42
(452.5, 471)
(358.0, 780)
(976.5, 546)
(201.0, 352)
(431.0, 785)
(1254.0, 756)
(920.5, 620)
(402.0, 324)
(601.0, 406)
(747.0, 419)
(288.5, 369)
(359.5, 328)
(671.0, 318)
(481.0, 303)
(750.5, 348)

43
(449.0, 471)
(353.5, 776)
(193.5, 352)
(973.0, 542)
(743.5, 418)
(397.5, 324)
(427.5, 785)
(357.0, 328)
(1252.0, 754)
(916.5, 624)
(667.5, 318)
(599.0, 403)
(280.0, 369)
(748.5, 344)
(476.5, 303)

44
(450.0, 471)
(353.5, 776)
(193.5, 352)
(973.0, 544)
(743.5, 418)
(397.5, 324)
(427.5, 785)
(357.0, 329)
(916.5, 624)
(1252.0, 754)
(667.5, 318)
(599.0, 403)
(280.0, 369)
(748.5, 344)
(476.5, 303)

45
(444.5, 471)
(346.0, 777)
(916.0, 623)
(1243.5, 746)
(968.0, 543)
(187.5, 351)
(737.0, 417)
(276.0, 368)
(425.0, 795)
(352.5, 329)
(660.5, 321)
(747.0, 341)
(592.0, 402)
(391.5, 322)
(475.0, 302)

46
(444.5, 471)
(347.0, 777)
(916.0, 623)
(1244.0, 746)
(968.0, 543)
(187.5, 351)
(737.0, 417)
(276.0, 368)
(425.0, 795)
(352.5, 329)
(660.5, 320)
(747.0, 342)
(591.5, 401)
(391.5, 321)
(475.0, 302)

47
(436.5, 472)
(1242.5, 743)
(732.0, 414)
(418.0, 790)
(587.0, 395)
(742.5, 340)
(384.5, 324)
(907.5, 618)
(655.0, 317)
(335.0, 781)
(177.0, 349)
(342.5, 328)
(266.5, 370)
(958.0, 546)
(472.0, 304)

48
(436.5, 472)
(1242.5, 743)
(732.0, 414)
(418.0, 790)
(587.0, 395)
(743.0, 340)
(384.5, 324)
(907.5, 618)
(655.0, 317)
(177.0, 349)
(334.5, 781)
(342.5, 328)
(266.5, 370)
(958.0, 546)
(472.0, 304)

49
(410.0, 805)
(327.5, 785)
(430.0, 467)
(1235.5, 752)
(377.0, 324)
(333.0, 329)
(953.5, 527)
(166.0, 356)
(579.0, 396)
(903.5, 621)
(739.5, 335)
(722.0, 415)
(263.0, 365)
(651.5, 316)
(463.0, 306)

50
(410.0, 805)
(327.5, 784)
(1235.5, 753)
(430.0, 467)
(333.0, 329)
(378.0, 324)
(954.5, 527)
(166.0, 356)
(903.5, 622)
(579.0, 396)
(738.5, 335)
(721.5, 415)
(263.0, 365)
(651.5, 316)
(462.5, 307)

51
(317.5, 785)
(945.5, 527)
(420.0, 467)
(400.0, 794)
(325.5, 331)
(1227.0, 749)
(158.5, 355)
(252.5, 364)
(640.5, 317)
(895.5, 614)
(368.5, 324)
(732.0, 343)
(568.5, 393)
(718.5, 411)
(457.5, 301)

52
(317.5, 785)
(945.5, 527)
(420.0, 467)
(400.0, 793)
(325.5, 331)
(1227.0, 749)
(158.5, 355)
(252.5, 364)
(640.5, 317)
(895.5, 614)
(368.5, 324)
(731.5, 343)
(718.5, 411)
(568.5, 393)
(457.5, 301)

53
(306.5, 777)
(1219.5, 739)
(142.0, 356)
(559.5, 393)
(410.5, 467)
(938.0, 526)
(391.5, 785)
(890.5, 604)
(318.5, 331)
(634.5, 313)
(712.5, 408)
(359.0, 325)
(244.0, 365)
(724.0, 342)

54
(306.5, 777)
(1219.5, 739)
(142.0, 356)
(559.5, 393)
(410.5, 467)
(938.0, 526)
(391.5, 785)
(891.0, 605)
(318.5, 331)
(712.5, 408)
(634.5, 313)
(359.0, 325)
(244.0, 365)
(724.0, 342)

55
(925.5, 527)
(881.0, 602)
(299.0, 766)
(133.0, 356)
(550.5, 394)
(1209.5, 738)
(380.5, 774)
(402.0, 460)
(306.0, 334)
(237.0, 362)
(351.0, 325)
(706.0, 405)
(448.0, 306)
(627.0, 313)
(718.5, 344)

56
(926.0, 528)
(881.0, 602)
(299.0, 765)
(134.0, 356)
(551.0, 394)
(1209.5, 739)
(402.0, 459)
(381.0, 774)
(306.0, 334)
(237.0, 362)
(350.5, 326)
(706.0, 405)
(627.0, 312)
(447.5, 305)
(718.5, 343)

57
(917.0, 526)
(876.5, 600)
(296.5, 338)
(393.0, 463)
(224.5, 363)
(289.0, 762)
(1200.5, 737)
(342.0, 326)
(119.0, 351)
(542.0, 393)
(369.5, 776)
(694.5, 407)
(617.0, 314)
(443.5, 302)

58
(916.5, 526)
(876.5, 600)
(296.5, 338)
(393.0, 463)
(224.5, 363)
(289.0, 762)
(1200.5, 737)
(342.0, 326)
(118.5, 351)
(542.0, 393)
(369.5, 776)
(617.0, 314)
(694.5, 407)
(443.5, 302)

59
(276.0, 760)
(533.0, 392)
(213.5, 361)
(379.5, 462)
(288.0, 337)
(359.0, 791)
(108.0, 352)
(1188.5, 719)
(686.0, 401)
(869.5, 597)
(609.5, 314)
(432.5, 303)
(331.0, 325)
(906.0, 524)
(704.0, 346)

60
(276.0, 760)
(532.0, 392)
(213.5, 361)
(379.5, 462)
(288.0, 337)
(359.0, 791)
(107.0, 352)
(1188.5, 719)
(686.0, 401)
(869.5, 597)
(609.5, 314)
(432.5, 303)
(331.0, 325)
(906.0, 524)

61
(264.5, 762)
(276.0, 339)
(203.5, 364)
(351.0, 793)
(92.5, 349)
(899.5, 528)
(863.0, 599)
(373.0, 465)
(1181.0, 719)
(320.5, 324)
(523.5, 393)
(678.5, 401)
(426.5, 302)
(601.5, 315)
(698.0, 326)

62
(264.5, 762)
(276.0, 339)
(203.5, 364)
(351.0, 794)
(92.5, 349)
(898.5, 528)
(863.0, 599)
(373.0, 465)
(1181.0, 719)
(320.5, 324)
(523.5, 393)
(678.5, 401)
(426.5, 302)
(601.5, 315)
(698.0, 326)

63
(254.0, 765)
(340.5, 795)
(267.0, 338)
(1174.0, 713)
(196.0, 363)
(82.0, 350)
(366.0, 466)
(669.0, 404)
(514.0, 393)
(854.0, 599)
(892.5, 516)
(308.5, 322)
(593.0, 310)
(1309.0, 307)
(692.5, 324)
(420.0, 302)

64
(254.0, 765)
(267.0, 338)
(339.5, 795)
(1173.5, 713)
(196.0, 363)
(82.0, 350)
(669.0, 405)
(366.0, 465)
(514.0, 394)
(853.0, 600)
(892.5, 517)
(308.5, 323)
(593.0, 310)
(1309.0, 307)
(692.5, 324)
(420.0, 303)

65
(244.0, 767)
(1166.0, 712)
(330.0, 789)
(186.0, 359)
(66.5, 346)
(255.0, 340)
(658.5, 404)
(355.0, 459)
(505.0, 391)
(299.5, 324)
(585.5, 308)
(686.5, 324)
(1290.0, 306)
(880.5, 515)
(849.5, 601)

66
(244.0, 767)
(1166.0, 712)
(330.0, 789)
(186.0, 359)
(66.5, 346)
(255.0, 340)
(658.5, 404)
(356.0, 459)
(505.0, 391)
(299.5, 323)
(686.5, 324)
(586.5, 308)
(1290.0, 306)
(880.5, 515)
(848.5, 602)

67
(1158.0, 712)
(346.5, 462)
(242.5, 341)
(174.5, 360)
(228.5, 765)
(318.0, 790)
(874.5, 518)
(54.5, 348)
(496.5, 391)
(841.0, 589)
(653.0, 403)
(289.0, 322)
(1268.5, 304)
(579.0, 306)
(680.0, 325)
(405.5, 303)

68
(1158.0, 712)
(346.5, 462)
(242.5, 341)
(174.5, 360)
(228.5, 765)
(317.5, 790)
(874.5, 518)
(54.5, 348)
(496.5, 391)
(841.0, 589)
(653.0, 403)
(289.0, 322)
(1268.5, 304)
(579.0, 306)
(680.0, 325)
(406.0, 303)

69
(306.5, 789)
(1152.5, 712)
(229.0, 343)
(333.5, 464)
(162.5, 357)
(218.0, 767)
(867.5, 519)
(37.5, 345)
(279.5, 324)
(486.5, 389)
(643.5, 402)
(1252.5, 310)
(835.0, 592)
(565.5, 307)
(396.5, 297)

70
(1152.5, 713)
(306.5, 789)
(229.0, 343)
(333.5, 464)
(163.0, 357)
(867.5, 519)
(218.0, 767)
(37.5, 345)
(279.5, 324)
(643.5, 402)
(486.5, 389)
(1252.5, 310)
(835.0, 592)
(564.5, 307)
(396.5, 297)

71
(323.5, 460)
(297.5, 788)
(216.5, 343)
(863.0, 518)
(1145.5, 707)
(477.5, 390)
(825.5, 586)
(203.5, 768)
(157.5, 358)
(636.0, 400)
(28.0, 349)
(266.0, 317)
(1236.5, 304)
(559.0, 307)
(393.0, 297)
(664.5, 325)

72
(323.5, 460)
(297.5, 788)
(216.5, 343)
(863.0, 518)
(1145.5, 708)
(478.0, 390)
(826.5, 586)
(203.5, 768)
(151.0, 359)
(635.5, 400)
(28.0, 349)
(266.0, 317)
(559.0, 307)
(1236.5, 304)
(392.0, 297)
(664.5, 325)

73
(314.5, 458)
(1138.0, 711)
(143.5, 359)
(822.5, 585)
(287.5, 782)
(629.0, 405)
(470.5, 393)
(204.0, 342)
(192.5, 767)
(853.0, 515)
(256.0, 314)
(1217.5, 301)
(383.5, 296)
(13.0, 345)
(662.0, 320)
(555.5, 306)

74
(314.5, 458)
(1138.0, 711)
(143.5, 359)
(629.0, 405)
(287.5, 782)
(823.0, 585)
(471.0, 393)
(204.0, 342)
(192.5, 765)
(853.0, 515)
(256.0, 315)
(1217.5, 301)
(383.5, 296)
(13.5, 345)
(662.0, 320)
(555.5, 306)

75
(306.0, 459)
(815.5, 594)
(273.5, 775)
(192.5, 345)
(849.0, 516)
(244.5, 316)
(462.5, 391)
(134.0, 358)
(1132.0, 703)
(376.5, 300)
(1207.0, 302)
(183.0, 768)
(539.0, 307)
(621.0, 406)
(659.0, 319)

76
(305.5, 459)
(816.5, 594)
(273.5, 775)
(192.5, 345)
(849.0, 516)
(244.5, 316)
(462.5, 391)
(134.0, 358)
(1132.0, 703)
(376.5, 300)
(1207.0, 302)
(183.0, 768)
(539.0, 307)
(658.0, 319)
(621.0, 406)

77
(811.0, 592)
(296.5, 456)
(842.0, 518)
(268.5, 776)
(123.5, 362)
(615.5, 407)
(183.5, 344)
(453.5, 393)
(237.5, 315)
(171.0, 763)
(1127.0, 702)
(656.0, 312)
(371.5, 304)
(533.0, 305)
(1182.5, 295)

78
(811.0, 592)
(296.5, 456)
(842.0, 518)
(268.5, 776)
(123.5, 362)
(183.5, 344)
(615.5, 407)
(453.5, 393)
(237.5, 315)
(171.0, 763)
(1127.0, 702)
(656.0, 313)
(371.5, 304)
(533.0, 305)
(1182.5, 295)

79
(1121.5, 698)
(288.5, 455)
(170.0, 345)
(445.5, 395)
(836.5, 518)
(225.5, 314)
(113.5, 363)
(253.5, 788)
(802.5, 587)
(160.0, 766)
(607.5, 404)
(367.0, 295)
(1172.5, 303)
(529.5, 303)
(645.0, 313)

80
(1121.5, 697)
(288.5, 456)
(170.0, 345)
(445.5, 395)
(836.5, 518)
(225.5, 314)
(113.5, 363)
(253.5, 788)
(802.5, 587)
(160.0, 767)
(607.5, 404)
(367.0, 296)
(1173.5, 303)
(529.5, 303)
(645.0, 313)

81
(1119.0, 692)
(159.5, 346)
(281.0, 455)
(217.0, 313)
(147.5, 772)
(107.0, 362)
(437.0, 391)
(832.5, 513)
(243.5, 784)
(602.0, 405)
(1154.0, 302)
(801.0, 588)
(641.5, 314)
(356.5, 300)
(513.0, 304)

82
(1119.0, 692)
(159.5, 346)
(281.0, 455)
(217.0, 313)
(147.5, 772)
(107.0, 362)
(436.5, 391)
(832.5, 513)
(243.5, 785)
(602.0, 405)
(1154.0, 302)
(802.0, 588)
(641.5, 314)
(356.5, 300)
(513.0, 304)

83
(269.5, 455)
(793.5, 581)
(94.5, 362)
(137.0, 771)
(636.5, 315)
(431.0, 389)
(149.0, 347)
(1115.0, 692)
(234.5, 775)
(827.0, 513)
(592.5, 403)
(351.5, 300)
(209.5, 311)
(1136.0, 293)
(508.0, 305)

84
(269.5, 455)
(793.5, 581)
(94.5, 362)
(637.0, 314)
(135.5, 770)
(431.0, 389)
(149.0, 346)
(1115.0, 692)
(235.0, 775)
(827.0, 514)
(592.5, 403)
(351.5, 301)
(209.5, 312)
(1135.0, 293)
(508.0, 305)

85
(123.5, 770)
(789.5, 580)
(1110.5, 696)
(264.0, 459)
(137.5, 351)
(85.0, 360)
(422.5, 387)
(220.5, 775)
(197.0, 316)
(631.0, 314)
(588.5, 402)
(823.0, 510)
(348.0, 300)
(1126.0, 303)
(501.5, 304)

86
(123.5, 769)
(789.5, 580)
(1110.5, 696)
(264.0, 459)
(137.5, 351)
(84.5, 360)
(422.5, 387)
(220.5, 775)
(197.0, 316)
(631.0, 314)
(589.0, 402)
(823.0, 510)
(348.0, 300)
(1126.0, 303)
(501.5, 304)

87
(782.5, 578)
(1105.5, 698)
(819.0, 503)
(114.0, 778)
(254.5, 462)
(626.5, 314)
(124.0, 349)
(418.0, 388)
(583.0, 403)
(211.0, 776)
(187.5, 316)
(82.0, 361)
(342.5, 299)
(487.0, 306)
(1100.5, 305)

88
(782.5, 578)
(1105.5, 698)
(819.0, 503)
(254.5, 462)
(114.0, 778)
(626.5, 314)
(124.0, 349)
(418.0, 388)
(210.5, 776)
(583.0, 403)
(187.5, 316)
(81.5, 361)
(342.5, 299)
(487.0, 306)
(1100.5, 305)

89
(813.5, 503)
(1101.5, 699)
(200.0, 793)
(244.5, 462)
(408.5, 388)
(775.5, 580)
(113.0, 352)
(69.0, 361)
(101.0, 783)
(578.5, 406)
(177.5, 324)
(619.5, 309)
(340.0, 295)
(481.0, 305)

90
(813.5, 503)
(1101.5, 699)
(200.0, 793)
(244.5, 462)
(408.5, 388)
(776.5, 580)
(112.5, 352)
(68.5, 361)
(100.5, 783)
(578.5, 406)
(178.0, 324)
(619.5, 309)
(340.0, 295)
(481.0, 305)

91
(810.0, 507)
(238.5, 462)
(773.5, 581)
(398.5, 390)
(616.0, 310)
(1096.0, 700)
(188.5, 787)
(574.5, 408)
(100.0, 352)
(166.0, 326)
(92.0, 783)
(332.0, 297)
(64.0, 363)
(1070.0, 302)
(473.5, 304)

92
(238.5, 462)
(810.0, 507)
(773.5, 581)
(398.5, 390)
(616.0, 310)
(1096.0, 700)
(188.5, 787)
(574.5, 407)
(100.0, 352)
(92.0, 784)
(167.0, 326)
(332.0, 297)
(64.0, 363)
(1070.0, 302)
(474.0, 304)

93
(770.5, 582)
(611.0, 311)
(230.0, 465)
(177.5, 787)
(393.5, 394)
(1089.0, 691)
(802.0, 513)
(82.0, 774)
(89.5, 349)
(159.0, 324)
(568.5, 409)
(327.0, 296)
(55.5, 364)
(462.0, 307)
(1053.5, 303)

94
(770.5, 582)
(611.0, 311)
(230.0, 465)
(177.5, 787)
(393.5, 394)
(1088.5, 691)
(802.0, 513)
(82.0, 774)
(89.5, 349)
(160.0, 324)
(55.5, 363)
(568.5, 409)
(327.0, 296)
(462.0, 307)
(1053.5, 303)

95
(766.0, 582)
(798.5, 516)
(606.0, 313)
(565.5, 411)
(222.0, 466)
(168.5, 781)
(1089.0, 686)
(386.0, 396)
(149.5, 327)
(323.5, 296)
(69.5, 763)
(82.0, 356)
(453.5, 306)
(1035.5, 309)
(44.5, 370)

96
(766.0, 582)
(798.5, 516)
(605.5, 313)
(565.5, 411)
(222.0, 466)
(1089.0, 686)
(168.5, 781)
(386.0, 396)
(323.5, 296)
(69.5, 763)
(149.5, 325)
(83.0, 356)
(453.5, 306)
(1035.5, 309)
(45.0, 370)

97
(764.0, 582)
(795.5, 518)
(1088.5, 686)
(561.5, 409)
(383.0, 397)
(601.5, 312)
(141.0, 326)
(158.0, 783)
(215.0, 464)
(320.5, 303)
(1025.0, 309)
(449.0, 306)
(60.0, 756)
(66.0, 363)
(41.0, 369)

98
(764.0, 582)
(795.5, 518)
(1088.5, 685)
(561.5, 409)
(383.0, 397)
(601.5, 312)
(141.0, 326)
(158.0, 783)
(215.0, 463)
(320.5, 303)
(1024.0, 309)
(450.0, 306)
(66.0, 363)
(60.0, 756)
(41.0, 369)

99
(762.0, 579)
(557.5, 410)
(1085.5, 682)
(793.5, 520)
(376.0, 396)
(318.5, 304)
(148.5, 794)
(1008.0, 312)
(133.0, 327)
(47.0, 756)
(600.0, 314)
(205.0, 463)
(45.0, 370)
(435.0, 307)

100
(762.0, 579)
(557.5, 410)
(1085.5, 681)
(793.5, 520)
(376.0, 396)
(318.5, 304)
(148.5, 794)
(1008.0, 312)
(133.0, 327)
(47.0, 756)
(600.0, 314)
(205.0, 463)
(45.0, 370)
(434.5, 307)

101
(760.5, 576)
(556.5, 413)
(1083.5, 692)
(123.5, 329)
(370.5, 397)
(998.5, 312)
(791.0, 513)
(199.5, 469)
(316.0, 304)
(141.5, 791)
(594.5, 312)
(426.5, 309)
(39.0, 758)
(41.0, 372)

102
(760.5, 576)
(556.5, 413)
(1083.5, 692)
(123.5, 329)
(370.5, 397)
(998.5, 312)
(791.0, 513)
(199.5, 469)
(316.0, 304)
(140.5, 791)
(594.5, 312)
(426.5, 309)
(39.0, 758)
(41.0, 372)

103
(1081.5, 696)
(758.5, 576)
(791.0, 511)
(556.0, 409)
(196.0, 471)
(117.5, 329)
(593.0, 310)
(984.0, 313)
(32.5, 777)
(314.5, 306)
(31.5, 370)
(133.0, 785)
(366.5, 399)
(423.0, 309)

104
(1081.5, 696)
(758.5, 576)
(791.0, 511)
(196.0, 471)
(556.0, 409)
(117.5, 329)
(592.5, 310)
(984.0, 313)
(32.5, 777)
(314.5, 306)
(31.5, 370)
(133.0, 785)
(367.0, 399)
(423.0, 309)

105
(1080.5, 702)
(191.0, 472)
(756.0, 581)
(790.5, 513)
(554.5, 413)
(591.5, 309)
(124.0, 798)
(972.0, 312)
(110.5, 329)
(21.5, 780)
(358.5, 404)
(27.5, 373)
(313.5, 307)
(410.5, 310)

106
(1080.5, 702)
(191.0, 472)
(756.0, 581)
(790.5, 512)
(554.5, 413)
(591.5, 309)
(123.0, 798)
(972.0, 312)
(110.5, 329)
(21.5, 780)
(358.5, 404)
(27.5, 373)
(313.5, 307)
(410.5, 309)

107
(749.5, 584)
(1077.5, 699)
(187.0, 475)
(790.5, 515)
(588.5, 311)
(554.5, 413)
(955.5, 313)
(114.0, 786)
(356.5, 403)
(306.5, 309)
(20.0, 374)
(18.0, 780)
(100.0, 333)
(406.5, 313)

108
(749.5, 584)
(1077.5, 699)
(186.5, 475)
(790.5, 515)
(588.5, 311)
(554.5, 413)
(114.0, 787)
(955.5, 313)
(356.5, 403)
(306.5, 309)
(20.0, 374)
(18.0, 780)
(100.0, 333)
(406.5, 313)

109
(745.5, 587)
(1075.5, 701)
(790.5, 517)
(584.5, 312)
(549.5, 423)
(105.5, 797)
(948.0, 312)
(183.5, 472)
(303.5, 309)
(352.5, 402)
(15.5, 378)
(96.0, 338)
(399.0, 317)
(14.5, 777)

110
(745.5, 587)
(1075.5, 701)
(790.5, 517)
(584.5, 312)
(549.5, 423)
(105.5, 798)
(948.0, 312)
(184.0, 472)
(303.5, 309)
(352.5, 402)
(15.5, 378)
(96.0, 338)
(399.0, 317)
(14.5, 777)

111
(740.5, 587)
(1073.0, 695)
(790.0, 520)
(98.5, 805)
(174.5, 476)
(548.0, 422)
(302.0, 312)
(89.5, 340)
(581.0, 315)
(348.0, 406)
(932.5, 314)
(385.5, 318)
(12.0, 380)
(10.5, 782)

112
(740.5, 586)
(1073.0, 694)
(789.5, 520)
(98.5, 805)
(174.5, 476)
(548.0, 422)
(89.5, 340)
(302.0, 312)
(581.0, 315)
(347.5, 406)
(932.5, 314)
(385.5, 318)
(12.0, 380)
(10.5, 782)

113
(1071.0, 695)
(739.0, 579)
(787.5, 523)
(92.5, 796)
(577.5, 316)
(168.0, 476)
(540.5, 422)
(85.0, 341)
(345.0, 409)
(301.5, 310)
(923.0, 314)
(382.5, 319)

114
(1071.0, 695)
(740.0, 579)
(787.5, 523)
(92.5, 796)
(577.5, 316)
(169.0, 476)
(540.5, 422)
(85.0, 341)
(345.0, 409)
(302.0, 310)
(923.0, 314)
(382.5, 318)

115
(1068.5, 695)
(739.5, 576)
(540.0, 425)
(342.0, 413)
(85.0, 784)
(574.5, 316)
(786.0, 518)
(913.0, 319)
(301.5, 313)
(161.5, 478)
(75.0, 343)
(381.0, 319)

116
(1068.5, 695)
(540.0, 425)
(740.0, 577)
(342.0, 413)
(85.0, 784)
(574.5, 316)
(786.0, 518)
(913.0, 319)
(301.5, 313)
(162.0, 478)
(74.5, 343)
(380.5, 319)

117
(1068.0, 688)
(538.0, 430)
(74.5, 784)
(739.0, 577)
(68.0, 342)
(158.0, 485)
(898.0, 318)
(568.0, 318)
(376.5, 322)
(783.5, 516)
(339.5, 410)
(300.0, 314)

118
(1067.0, 688)
(537.5, 430)
(739.0, 577)
(74.5, 784)
(67.5, 343)
(158.0, 485)
(898.0, 318)
(568.0, 318)
(783.5, 516)
(376.5, 321)
(339.5, 410)
(300.0, 314)

119
(150.0, 487)
(64.5, 780)
(735.5, 581)
(1067.0, 687)
(535.5, 432)
(59.5, 344)
(563.5, 317)
(888.0, 318)
(331.5, 420)
(784.0, 515)
(295.5, 320)
(370.0, 320)

120
(149.5, 487)
(736.0, 581)
(1067.0, 688)
(64.5, 780)
(535.5, 432)
(59.5, 344)
(563.5, 317)
(888.0, 318)
(784.0, 515)
(331.5, 420)
(295.5, 320)
(370.0, 320)

121
(142.5, 487)
(733.0, 584)
(57.5, 778)
(1067.0, 691)
(560.0, 317)
(533.0, 431)
(54.5, 346)
(784.0, 515)
(296.0, 321)
(875.5, 322)
(329.5, 410)
(360.0, 328)

122
(142.5, 487)
(733.0, 584)
(57.5, 778)
(1067.0, 691)
(560.0, 317)
(533.0, 431)
(54.5, 346)
(784.0, 516)
(875.5, 322)
(296.0, 321)
(329.5, 410)
(360.0, 328)

123
(136.5, 485)
(554.5, 318)
(1062.0, 690)
(49.0, 779)
(783.0, 520)
(864.0, 326)
(724.5, 581)
(45.5, 348)
(324.0, 417)
(292.5, 320)
(354.5, 330)
(532.0, 430)

124
(136.5, 485)
(554.5, 318)
(1062.0, 690)
(49.0, 779)
(783.0, 520)
(864.0, 326)
(724.5, 581)
(46.0, 348)
(324.0, 417)
(292.5, 320)
(354.5, 330)
(532.0, 430)

125
(132.5, 489)
(1061.0, 702)
(722.5, 580)
(39.0, 349)
(781.5, 522)
(318.5, 420)
(290.5, 318)
(549.5, 321)
(853.0, 327)
(351.5, 333)
(41.5, 778)
(531.0, 441)

126
(132.5, 489)
(1061.0, 702)
(722.5, 580)
(39.0, 349)
(781.5, 522)
(318.5, 420)
(291.0, 318)
(549.5, 321)
(853.0, 327)
(351.5, 333)
(41.5, 777)
(531.0, 441)

127
(721.0, 572)
(1055.5, 702)
(842.0, 327)
(126.0, 493)
(315.0, 422)
(31.5, 349)
(526.0, 443)
(776.0, 519)
(290.5, 317)
(348.5, 335)
(35.0, 774)
(541.5, 323)

128
(720.5, 572)
(1055.5, 702)
(125.5, 493)
(842.0, 327)
(315.0, 421)
(31.5, 349)
(526.0, 443)
(776.0, 519)
(290.5, 317)
(348.5, 335)
(541.5, 323)
(35.0, 774)

129
(775.0, 532)
(717.5, 571)
(1055.5, 706)
(121.0, 499)
(524.0, 441)
(293.0, 320)
(346.0, 337)
(314.0, 421)
(540.0, 325)
(829.0, 328)
(27.5, 355)
(28.0, 769)

130
(775.0, 532)
(717.5, 571)
(1055.5, 706)
(121.0, 499)
(524.0, 441)
(292.5, 320)
(314.0, 421)
(346.0, 337)
(540.0, 325)
(829.0, 328)
(27.5, 355)
(28.0, 769)

131
(774.0, 536)
(713.0, 569)
(1052.5, 706)
(113.5, 498)
(537.5, 325)
(19.0, 357)
(306.5, 423)
(290.0, 322)
(820.0, 326)
(524.0, 435)

132
(774.0, 536)
(713.0, 569)
(1052.5, 706)
(113.5, 498)
(537.5, 325)
(19.0, 357)
(290.0, 322)
(306.5, 422)
(820.0, 326)
(524.0, 435)

133

