(427.5, 312.0)
(427.5, 311.5)
(424.5, 311.5)
(424.5, 311.5)
(421.5, 313.0)
(421.5, 313.0)
X
X
X
X
X
X
(470.0, 310.0)
(470.0, 310.0)
(484.5, 309.0)
(484.5, 309.0)
(498.0, 309.5)
(498.0, 309.5)
(512.0, 308.5)
(511.5, 308.5)
(525.5, 308.0)
(525.5, 308.0)
(537.0, 308.0)
(536.5, 308.0)
(547.0, 307.0)
(547.5, 307.0)
(559.0, 306.0)
(559.0, 306.0)
(569.0, 306.0)
(568.5, 305.5)
(578.5, 305.0)
(578.5, 305.0)
(589.0, 305.0)
(589.0, 305.0)
(598.5, 305.5)
(598.5, 306.0)
(606.0, 304.5)
(606.0, 304.5)
(613.5, 302.5)
(613.5, 302.5)
(622.5, 303.5)
(622.5, 303.5)
(629.5, 304.0)
(629.5, 304.5)
(636.0, 303.5)
(636.0, 303.5)
(640.0, 304.0)
(640.0, 304.0)
(642.5, 307.0)
(642.5, 307.0)
X
X
X
X
(133.5, 348.0)
(133.5, 348.0)
X
X
(641.5, 300.5)
(641.5, 300.5)
(637.5, 298.5)
(637.5, 298.5)
(635.0, 297.5)
(635.0, 297.5)
(632.5, 296.5)
(632.5, 296.5)
(629.5, 296.0)
(629.5, 296.0)
(626.5, 295.5)
(626.5, 295.5)
(623.5, 294.5)
(623.5, 294.5)
(621.0, 295.0)
(621.0, 295.0)
(618.5, 294.0)
(618.5, 293.5)
(615.5, 292.0)
(615.5, 292.0)
(613.5, 290.5)
(613.5, 290.5)
(612.0, 290.0)
(612.0, 290.0)
(608.5, 290.0)
(609.0, 290.0)
(605.5, 290.5)
(605.5, 290.0)
(602.0, 291.5)
(602.0, 291.5)
(598.5, 291.5)
(598.5, 291.5)
(595.5, 292.0)
(595.5, 292.0)
(592.5, 292.5)
(592.5, 292.5)
(590.0, 293.0)
(590.0, 293.5)
(588.0, 297.0)
(588.0, 297.0)
X
X
X
X
X
X
X
X
X
X
X
X
(1122.0, 174.0)
(1122.0, 174.0)
X
X
X
X
X
X
(760.5, 527.5)
(760.5, 527.5)
(754.5, 529.5)
(754.5, 529.5)
(568.0, 313.0)
(568.0, 313.0)
(565.5, 313.5)
(565.5, 313.5)
(1232.0, 309.5)
(1232.0, 309.5)
(561.5, 317.5)
(561.5, 317.5)
(558.0, 318.5)
(558.0, 318.5)
